150.750000000 -0.023945 0.986859 0.000000 0.000000 0.000000 0.007053 0.999975
150.800000000 -0.023945 0.986859 0.000000 0.000000 0.000000 0.007054 0.999975
150.850000000 -0.023945 0.986859 0.000000 0.000000 0.000000 0.007054 0.999975
150.900000000 -0.023945 0.986859 0.000000 0.000000 0.000000 0.007054 0.999975
150.950000000 -0.023945 0.986859 0.000000 0.000000 0.000000 0.007054 0.999975
151.000000000 -0.023945 0.986859 0.000000 0.000000 0.000000 0.007054 0.999975
151.050000000 -0.023945 0.986859 0.000000 0.000000 0.000000 0.007054 0.999975
151.100000000 -0.023945 0.986859 0.000000 0.000000 0.000000 0.007054 0.999975
151.150000000 -0.023945 0.986859 0.000000 0.000000 0.000000 0.007054 0.999975
151.200000000 -0.023945 0.986859 0.000000 0.000000 0.000000 0.007054 0.999975
151.250000000 -0.023945 0.986859 0.000000 0.000000 0.000000 0.007054 0.999975
151.300000000 -0.023945 0.986859 0.000000 0.000000 0.000000 0.007054 0.999975
151.350000000 -0.023945 0.986859 0.000000 0.000000 0.000000 0.007054 0.999975
151.400000000 -0.023945 0.986859 0.000000 0.000000 0.000000 0.007054 0.999975
151.450000000 -0.023945 0.986859 0.000000 0.000000 0.000000 0.007054 0.999975
151.500000000 -0.023945 0.986859 0.000000 0.000000 0.000000 0.007054 0.999975
151.550000000 -0.023945 0.986859 0.000000 0.000000 0.000000 0.007054 0.999975
151.600000000 -0.023945 0.986859 0.000000 0.000000 0.000000 0.007054 0.999975
151.650000000 -0.023945 0.986859 0.000000 0.000000 0.000000 0.007054 0.999975
151.700000000 -0.023945 0.986859 0.000000 0.000000 0.000000 0.007054 0.999975
151.750000000 -0.023945 0.986859 0.000000 0.000000 0.000000 0.007054 0.999975
151.800000000 -0.023945 0.986859 0.000000 0.000000 0.000000 0.007054 0.999975
151.850000000 -0.023945 0.986859 0.000000 0.000000 0.000000 0.007054 0.999975
151.900000000 -0.023943 0.986859 0.000000 0.000000 0.000000 0.007054 0.999975
151.950000000 -0.023943 0.986859 0.000000 0.000000 0.000000 0.007054 0.999975
152.000000000 -0.023943 0.986859 0.000000 0.000000 0.000000 0.007054 0.999975
152.051000000 -0.023943 0.986859 0.000000 0.000000 0.000000 0.007054 0.999975
152.100000000 -0.023943 0.986859 0.000000 0.000000 0.000000 0.007054 0.999975
152.150000000 -0.023943 0.986859 0.000000 0.000000 0.000000 0.007054 0.999975
152.200000000 -0.023943 0.986859 0.000000 0.000000 0.000000 0.007054 0.999975
152.250000000 -0.023943 0.986859 0.000000 0.000000 0.000000 0.007054 0.999975
152.300000000 -0.023943 0.986859 0.000000 0.000000 0.000000 0.007054 0.999975
152.350000000 -0.023943 0.986859 0.000000 0.000000 0.000000 0.007054 0.999975
152.400000000 -0.023943 0.986859 0.000000 0.000000 0.000000 0.007054 0.999975
152.450000000 -0.023943 0.986859 0.000000 0.000000 0.000000 0.007054 0.999975
152.500000000 -0.023943 0.986859 0.000000 0.000000 0.000000 0.007054 0.999975
152.550000000 -0.023943 0.986859 0.000000 0.000000 0.000000 0.007054 0.999975
152.600000000 -0.023943 0.986859 0.000000 0.000000 0.000000 0.007054 0.999975
152.650000000 -0.023943 0.986859 0.000000 0.000000 0.000000 0.007054 0.999975
152.700000000 -0.023943 0.986859 0.000000 0.000000 0.000000 0.007054 0.999975
152.750000000 -0.023943 0.986859 0.000000 0.000000 0.000000 0.007054 0.999975
152.800000000 -0.023943 0.986859 0.000000 0.000000 0.000000 0.007054 0.999975
152.850000000 -0.023943 0.986859 0.000000 0.000000 0.000000 0.007054 0.999975
152.900000000 -0.023943 0.986859 0.000000 0.000000 0.000000 0.007054 0.999975
152.950000000 -0.023943 0.986859 0.000000 0.000000 0.000000 0.007054 0.999975
153.000000000 -0.023943 0.986859 0.000000 0.000000 0.000000 0.007054 0.999975
153.050000000 -0.023943 0.986859 0.000000 0.000000 0.000000 0.007054 0.999975
153.100000000 -0.023943 0.986859 0.000000 0.000000 0.000000 0.007054 0.999975
153.150000000 -0.023943 0.986859 0.000000 0.000000 0.000000 0.007054 0.999975
153.200000000 -0.023943 0.986859 0.000000 0.000000 0.000000 0.007054 0.999975
153.250000000 -0.023943 0.986859 0.000000 0.000000 0.000000 0.007054 0.999975
153.300000000 -0.023943 0.986859 0.000000 0.000000 0.000000 0.007054 0.999975
153.350000000 -0.023943 0.986859 0.000000 0.000000 0.000000 0.007054 0.999975
153.400000000 -0.023943 0.986859 0.000000 0.000000 0.000000 0.007054 0.999975
153.450000000 -0.023943 0.986859 0.000000 0.000000 0.000000 0.007054 0.999975
153.500000000 -0.023943 0.986859 0.000000 0.000000 0.000000 0.007054 0.999975
153.550000000 -0.023943 0.986859 0.000000 0.000000 0.000000 0.007054 0.999975
153.600000000 -0.023943 0.986859 0.000000 0.000000 0.000000 0.007054 0.999975
153.650000000 -0.023943 0.986859 0.000000 0.000000 0.000000 0.007054 0.999975
153.700000000 -0.023943 0.986859 0.000000 0.000000 0.000000 0.007054 0.999975
153.750000000 -0.023943 0.986859 0.000000 0.000000 0.000000 0.007054 0.999975
153.800000000 -0.023943 0.986859 0.000000 0.000000 0.000000 0.007054 0.999975
153.850000000 -0.023943 0.986859 0.000000 0.000000 0.000000 0.007054 0.999975
153.900000000 -0.023943 0.986859 0.000000 0.000000 0.000000 0.007054 0.999975
153.954000000 -0.023943 0.986859 0.000000 0.000000 0.000000 0.007054 0.999975
154.000000000 -0.023943 0.986859 0.000000 0.000000 0.000000 0.007054 0.999975
154.050000000 -0.023943 0.986859 0.000000 0.000000 0.000000 0.007054 0.999975
154.100000000 -0.023943 0.986859 0.000000 0.000000 0.000000 0.007054 0.999975
154.150000000 -0.023943 0.986859 0.000000 0.000000 0.000000 0.007054 0.999975
154.200000000 -0.023943 0.986859 0.000000 0.000000 0.000000 0.007054 0.999975
154.250000000 -0.023943 0.986859 0.000000 0.000000 0.000000 0.007054 0.999975
154.300000000 -0.023943 0.986859 0.000000 0.000000 0.000000 0.007054 0.999975
154.350000000 -0.022480 0.986997 0.000000 0.000000 0.000000 0.007265 0.999974
154.400000000 -0.016379 0.987096 0.000000 0.000000 0.000000 0.007265 0.999974
154.450000000 -0.007325 0.987300 0.000000 0.000000 0.000000 0.007691 0.999970
154.500000000 0.005646 0.987928 0.000000 0.000000 0.000000 0.005222 0.999986
154.550000000 0.019701 0.987422 0.000000 0.000000 0.000000 0.004868 0.999988
154.600000000 0.034475 0.988357 0.000000 0.000000 0.000000 0.006210 0.999981
154.650000000 0.049024 0.990537 0.000000 0.000000 0.000000 0.009810 0.999952
154.700000000 0.061578 0.991753 0.000000 0.000000 0.000000 0.009830 0.999952
154.750000000 0.075287 0.993266 0.000000 0.000000 0.000000 0.007860 0.999969
154.800000000 0.091993 0.993397 0.000000 0.000000 0.000000 0.005590 0.999984
154.850000000 0.106789 0.994359 0.000000 0.000000 0.000000 0.004694 0.999989
154.900000000 0.121536 0.995975 0.000000 0.000000 0.000000 0.006313 0.999980
154.953000000 0.133948 0.997560 0.000000 0.000000 0.000000 0.009146 0.999958
155.000000000 0.144177 0.998167 0.000000 0.000000 0.000000 0.009498 0.999955
155.050000000 0.155152 0.998332 0.000000 0.000000 0.000000 0.007035 0.999975
155.100000000 0.165840 0.997484 0.000000 0.000000 0.000000 0.003338 0.999994
155.150000000 0.177173 0.997392 0.000000 0.000000 0.000000 0.004422 0.999990
155.200000000 0.189761 0.997496 0.000000 0.000000 0.000000 0.006532 0.999979
155.250000000 0.200915 0.998168 0.000000 0.000000 0.000000 0.009783 0.999952
155.300000000 0.209311 0.997941 0.000000 0.000000 0.000000 0.009209 0.999958
155.350000000 0.219040 0.998475 0.000000 0.000000 0.000000 0.008240 0.999966
155.400000000 0.231634 0.997344 0.000000 0.000000 0.000000 0.005083 0.999987
155.450000000 0.244763 0.996267 0.000000 0.000000 0.000000 0.004711 0.999989
155.500000000 0.257182 0.995546 0.000000 0.000000 0.000000 0.006146 0.999981
155.550000000 0.270385 0.994868 0.000000 0.000000 0.000000 0.009998 0.999950
155.600000000 0.281124 0.994010 0.000000 0.000000 0.000000 0.009617 0.999954
155.650000000 0.292761 0.993526 0.000000 0.000000 0.000000 0.008649 0.999963
155.700000000 0.306249 0.992349 0.000000 0.000000 0.000000 0.005683 0.999984
155.750000000 0.318302 0.991074 0.000000 0.000000 0.000000 0.004301 0.999991
155.800000000 0.330439 0.990491 0.000000 0.000000 0.000000 0.006662 0.999978
155.855000000 0.341842 0.990522 0.000000 0.000000 0.000000 0.009268 0.999957
155.900000000 0.352668 0.990158 0.000000 0.000000 0.000000 0.009528 0.999955
155.950000000 0.364266 0.990283 0.000000 0.000000 0.000000 0.005369 0.999986
156.000000000 0.376672 0.991504 0.000000 0.000000 0.000000 0.003117 0.999995
156.050000000 0.390078 0.989425 0.000000 0.000000 0.000000 0.004788 0.999989
156.100000000 0.402427 0.990380 0.000000 0.000000 0.000000 0.007405 0.999973
156.150000000 0.412983 0.991587 0.000000 0.000000 0.000000 0.009981 0.999950
156.200000000 0.422320 0.992868 0.000000 0.000000 0.000000 0.009129 0.999958
156.250000000 0.433873 0.994844 0.000000 0.000000 0.000000 0.007372 0.999973
156.300000000 0.446492 0.994889 0.000000 0.000000 0.000000 0.003751 0.999993
156.350000000 0.459539 0.995688 0.000000 0.000000 0.000000 0.004947 0.999988
156.400000000 0.473244 0.996813 0.000000 0.000000 0.000000 0.006992 0.999976
156.450000000 0.484490 0.997809 0.000000 0.000000 0.000000 0.009368 0.999956
156.500000000 0.495348 0.997994 0.000000 0.000000 0.000000 0.010016 0.999950
156.550000000 0.505589 0.998988 0.000000 0.000000 0.000000 0.007276 0.999974
156.600000000 0.518860 0.997843 0.000000 0.000000 0.000000 0.004277 0.999991
156.650000000 0.531988 0.997559 0.000000 0.000000 0.000000 0.004745 0.999989
156.700000000 0.545579 0.997038 0.000000 0.000000 0.000000 0.006273 0.999980
156.750000000 0.557721 0.996823 0.000000 0.000000 0.000000 0.009149 0.999958
156.800000000 0.567993 0.996155 0.000000 0.000000 0.000000 0.009192 0.999958
156.850000000 0.579439 0.996383 0.000000 0.000000 0.000000 0.007815 0.999969
156.900000000 0.593079 0.994957 0.000000 0.000000 0.000000 0.004986 0.999988
156.950000000 0.606163 0.994507 0.000000 0.000000 0.000000 0.004566 0.999990
157.000000000 0.619321 0.994161 0.000000 0.000000 0.000000 0.006159 0.999981
157.050000000 0.631497 0.994019 0.000000 0.000000 0.000000 0.009640 0.999954
157.100000000 0.642002 0.993228 0.000000 0.000000 0.000000 0.009727 0.999953
157.150000000 0.653180 0.993116 0.000000 0.000000 0.000000 0.008437 0.999964
157.200000000 0.666403 0.992317 0.000000 0.000000 0.000000 0.006118 0.999981
157.250000000 0.677606 0.992447 0.000000 0.000000 0.000000 0.003708 0.999993
157.300000000 0.689167 0.991718 0.000000 0.000000 0.000000 0.007744 0.999970
157.350000000 0.700448 0.992032 0.000000 0.000000 0.000000 0.010099 0.999949
157.400000000 0.710414 0.991847 0.000000 0.000000 0.000000 0.009508 0.999955
157.450000000 0.722366 0.992778 0.000000 0.000000 0.000000 0.008386 0.999965
157.500000000 0.734746 0.994193 0.000000 0.000000 0.000000 0.005712 0.999984
157.550000000 0.746171 0.993720 0.000000 0.000000 0.000000 0.004263 0.999991
157.600000000 0.758971 0.992515 0.000000 0.000000 0.000000 0.005477 0.999985
157.650000000 0.771760 0.992801 0.000000 0.000000 0.000000 0.009588 0.999954
157.700000000 0.783212 0.993915 0.000000 0.000000 0.000000 0.010007 0.999950
157.750000000 0.794130 0.994888 0.000000 0.000000 0.000000 0.008817 0.999961
157.800000000 0.808589 0.997105 0.000000 0.000000 0.000000 0.006495 0.999979
157.850000000 0.821425 0.996836 0.000000 0.000000 0.000000 0.002845 0.999996
157.900000000 0.833538 0.996905 0.000000 0.000000 0.000000 0.005983 0.999982
157.950000000 0.847139 0.997613 0.000000 0.000000 0.000000 0.010500 0.999945
158.000000000 0.858685 0.998226 0.000000 0.000000 0.000000 0.010497 0.999945
158.050000000 0.869758 0.997946 0.000000 0.000000 0.000000 0.008778 0.999961
158.100000000 0.883293 0.998240 0.000000 0.000000 0.000000 0.007143 0.999974
158.150000000 0.895170 0.998475 0.000000 0.000000 0.000000 0.004335 0.999991
158.200000000 0.907457 0.998372 0.000000 0.000000 0.000000 0.004541 0.999990
158.250000000 0.921676 1.000385 0.000000 0.000000 0.000000 0.010661 0.999943
158.300000000 0.932758 1.000826 0.000000 0.000000 0.000000 0.009862 0.999951
158.350000000 0.943787 1.000876 0.000000 0.000000 0.000000 0.008941 0.999960
158.400000000 0.959022 1.004476 0.000000 0.000000 0.000000 0.007336 0.999973
158.450000000 0.971652 1.005043 0.000000 0.000000 0.000000 0.004194 0.999991
158.500000000 0.985454 1.002658 0.000000 0.000000 0.000000 0.005560 0.999985
158.551000000 0.998400 1.001470 0.000000 0.000000 0.000000 0.009742 0.999953
158.600000000 1.009238 1.001835 0.000000 0.000000 0.000000 0.010100 0.999949
158.650000000 1.022738 1.005185 0.000000 0.000000 0.000000 0.010239 0.999948
158.700000000 1.036352 1.008921 0.000000 0.000000 0.000000 0.007382 0.999973
158.750000000 1.047824 1.008706 0.000000 0.000000 0.000000 0.004269 0.999991
158.800000000 1.058663 1.007052 0.000000 0.000000 0.000000 0.005665 0.999984
158.850000000 1.074405 1.002224 0.000000 0.000000 0.000000 0.008715 0.999962
158.900000000 1.085674 1.003269 0.000000 0.000000 0.000000 0.010395 0.999946
158.950000000 1.096517 1.004841 0.000000 0.000000 0.000000 0.008762 0.999962
159.000000000 1.110312 1.008782 0.000000 0.000000 0.000000 0.007580 0.999971
159.050000000 1.123071 1.010245 0.000000 0.000000 0.000000 0.004552 0.999990
159.100000000 1.134400 1.008683 0.000000 0.000000 0.000000 0.005429 0.999985
159.150000000 1.150307 1.012950 0.000000 0.000000 0.000000 0.010773 0.999942
159.200000000 1.161660 1.013785 0.000000 0.000000 0.000000 0.010448 0.999945
159.250000000 1.172809 1.014335 0.000000 0.000000 0.000000 0.008984 0.999960
159.300000000 1.186472 1.017129 0.000000 0.000000 0.000000 0.008048 0.999968
159.350000000 1.197010 1.017625 0.000000 0.000000 0.000000 0.003846 0.999993
159.400000000 1.209280 1.016976 0.000000 0.000000 0.000000 0.005627 0.999984
159.450000000 1.221420 1.017263 0.000000 0.000000 0.000000 0.009279 0.999957
159.500000000 1.231711 1.017459 0.000000 0.000000 0.000000 0.009740 0.999953
159.550000000 1.242368 1.017744 0.000000 0.000000 0.000000 0.008677 0.999962
159.600000000 1.255634 1.017113 0.000000 0.000000 0.000000 0.004698 0.999989
159.650000000 1.267742 1.017049 0.000000 0.000000 0.000000 0.003943 0.999992
159.700000000 1.281901 1.017648 0.000000 0.000000 0.000000 0.009388 0.999956
159.750000000 1.292558 1.017222 0.000000 0.000000 0.000000 0.010434 0.999946
159.800000000 1.303176 1.016165 0.000000 0.000000 0.000000 0.009367 0.999956
159.850000000 1.316064 1.019369 0.000000 0.000000 0.000000 0.006671 0.999978
159.900000000 1.325410 1.022839 0.000000 0.000000 0.000000 0.005216 0.999986
159.950000000 1.336639 1.021364 0.000000 0.000000 0.000000 0.005685 0.999984
160.000000000 1.347861 1.020784 0.000000 0.000000 0.000000 0.008339 0.999965
160.050000000 1.358399 1.021926 0.000000 0.000000 0.000000 0.010083 0.999949
160.100000000 1.368981 1.023727 0.000000 0.000000 0.000000 0.008616 0.999963
160.150000000 1.382690 1.027917 0.000000 0.000000 0.000000 0.005957 0.999982
160.200000000 1.396426 1.028964 0.000000 0.000000 0.000000 0.003917 0.999992
160.250000000 1.409852 1.030713 0.000000 0.000000 0.000000 0.005407 0.999985
160.300000000 1.422574 1.031920 0.000000 0.000000 0.000000 0.008821 0.999961
160.350000000 1.434291 1.033018 0.000000 0.000000 0.000000 0.010257 0.999947
160.400000000 1.445809 1.034247 0.000000 0.000000 0.000000 0.007928 0.999969
160.450000000 1.460683 1.036393 0.000000 0.000000 0.000000 0.004460 0.999990
160.500000000 1.473702 1.037373 0.000000 0.000000 0.000000 0.004634 0.999989
160.550000000 1.486712 1.037730 0.000000 0.000000 0.000000 0.006089 0.999981
160.600000000 1.498224 1.037438 0.000000 0.000000 0.000000 0.008886 0.999961
160.650000000 1.507670 1.036876 0.000000 0.000000 0.000000 0.009310 0.999957
160.700000000 1.518331 1.036929 0.000000 0.000000 0.000000 0.007419 0.999972
160.750000000 1.532193 1.038020 0.000000 0.000000 0.000000 0.004934 0.999988
160.800000000 1.544059 1.036626 0.000000 0.000000 0.000000 0.004938 0.999988
160.850000000 1.557045 1.038180 0.000000 0.000000 0.000000 0.009391 0.999956
160.900000000 1.568136 1.036826 0.000000 0.000000 0.000000 0.010196 0.999948
160.950000000 1.578383 1.036162 0.000000 0.000000 0.000000 0.009217 0.999958
161.000000000 1.592370 1.037571 0.000000 0.000000 0.000000 0.008142 0.999967
161.050000000 1.603164 1.040170 0.000000 0.000000 0.000000 0.003046 0.999995
161.100000000 1.612141 1.040710 0.000000 0.000000 0.000000 0.006495 0.999979
161.150000000 1.627546 1.033896 0.000000 0.000000 0.000000 0.007429 0.999972
161.200000000 1.637908 1.036622 0.000000 0.000000 0.000000 0.011694 0.999932
161.250000000 1.648472 1.040341 0.000000 0.000000 0.000000 0.009247 0.999957
161.300000000 1.663387 1.039311 0.000000 0.000000 0.000000 0.006610 0.999978
161.350000000 1.676369 1.040675 0.000000 0.000000 0.000000 0.003967 0.999992
161.400000000 1.686246 1.043070 0.000000 0.000000 0.000000 0.006408 0.999979
161.450000000 1.699186 1.040909 0.000000 0.000000 0.000000 0.007370 0.999973
161.500000000 1.712324 1.044161 0.000000 0.000000 0.000000 0.010602 0.999944
161.550000000 1.722508 1.046363 0.000000 0.000000 0.000000 0.009341 0.999956
161.600000000 1.736337 1.050226 0.000000 0.000000 0.000000 0.006480 0.999979
161.650000000 1.746290 1.053991 0.000000 0.000000 0.000000 0.005045 0.999987
161.700000000 1.760191 1.052471 0.000000 0.000000 0.000000 0.005309 0.999986
161.750000000 1.773242 1.054390 0.000000 0.000000 0.000000 0.009978 0.999950
161.800000000 1.784862 1.058698 0.000000 0.000000 0.000000 0.011813 0.999930
161.850000000 1.795870 1.058823 0.000000 0.000000 0.000000 0.010195 0.999948
161.900000000 1.806758 1.063594 0.000000 0.000000 0.000000 0.009205 0.999958
161.950000000 1.816534 1.068738 0.000000 0.000000 0.000000 0.005545 0.999985
162.000000000 1.829900 1.069056 0.000000 0.000000 0.000000 0.007009 0.999975
162.050000000 1.843621 1.064641 0.000000 0.000000 0.000000 0.009817 0.999952
162.100000000 1.854480 1.069845 0.000000 0.000000 0.000000 0.011083 0.999939
162.150000000 1.868564 1.070361 0.000000 0.000000 0.000000 0.008737 0.999962
162.200000000 1.881878 1.071126 0.000000 0.000000 0.000000 0.004532 0.999990
162.250000000 1.894085 1.076244 0.000000 0.000000 0.000000 0.005586 0.999984
162.300000000 1.907465 1.077177 0.000000 0.000000 0.000000 0.006403 0.999979
162.350000000 1.919941 1.080292 0.000000 0.000000 0.000000 0.011169 0.999938
162.400000000 1.930509 1.080825 0.000000 0.000000 0.000000 0.009692 0.999953
162.450000000 1.941739 1.081791 0.000000 0.000000 0.000000 0.008952 0.999960
162.500000000 1.953884 1.082997 0.000000 0.000000 0.000000 0.005897 0.999983
162.550000000 1.965279 1.085867 0.000000 0.000000 0.000000 0.005775 0.999983
162.600000000 1.978365 1.088516 0.000000 0.000000 0.000000 0.008097 0.999967
162.650000000 1.989469 1.091425 0.000000 0.000000 0.000000 0.010384 0.999946
162.700000000 2.000172 1.091482 0.000000 0.000000 0.000000 0.009354 0.999956
162.750000000 2.012590 1.095288 0.000000 0.000000 0.000000 0.007992 0.999968
162.800000000 2.025625 1.094484 0.000000 0.000000 0.000000 0.003886 0.999992
162.850000000 2.037334 1.096908 0.000000 0.000000 0.000000 0.005968 0.999982
162.900000000 2.050506 1.097323 0.000000 0.000000 0.000000 0.006894 0.999976
162.950000000 2.062799 1.097804 0.000000 0.000000 0.000000 0.009676 0.999953
163.000000000 2.073510 1.098885 0.000000 0.000000 0.000000 0.009812 0.999952
163.050000000 2.084608 1.100029 0.000000 0.000000 0.000000 0.007894 0.999969
163.100000000 2.098111 1.099868 0.000000 0.000000 0.000000 0.004926 0.999988
163.150000000 2.111142 1.102423 0.000000 0.000000 0.000000 0.005531 0.999985
163.200000000 2.125242 1.102635 0.000000 0.000000 0.000000 0.006648 0.999978
163.250000000 2.137675 1.102098 0.000000 0.000000 0.000000 0.009461 0.999955
163.300000000 2.148414 1.101964 0.000000 0.000000 0.000000 0.009106 0.999959
163.350000000 2.160445 1.101403 0.000000 0.000000 0.000000 0.006654 0.999978
163.400000000 2.174167 1.100641 0.000000 0.000000 0.000000 0.004229 0.999991
163.450000000 2.187162 1.102390 0.000000 0.000000 0.000000 0.005202 0.999986
163.500000000 2.200670 1.101876 0.000000 0.000000 0.000000 0.006974 0.999976
163.550000000 2.213098 1.101581 0.000000 0.000000 0.000000 0.010059 0.999949
163.600000000 2.223443 1.101495 0.000000 0.000000 0.000000 0.009276 0.999957
163.650000000 2.234980 1.102226 0.000000 0.000000 0.000000 0.007604 0.999971
163.700000000 2.247231 1.098731 0.000000 0.000000 0.000000 0.003508 0.999994
163.750000000 2.259104 1.099585 0.000000 0.000000 0.000000 0.005185 0.999987
163.800000000 2.272187 1.099951 0.000000 0.000000 0.000000 0.007279 0.999974
163.850000000 2.283913 1.100376 0.000000 0.000000 0.000000 0.010037 0.999950
163.900000000 2.294068 1.100643 0.000000 0.000000 0.000000 0.009052 0.999959
163.950000000 2.306353 1.101899 0.000000 0.000000 0.000000 0.006111 0.999981
164.000000000 2.319885 1.101126 0.000000 0.000000 0.000000 0.003740 0.999993
164.050000000 2.332720 1.103947 0.000000 0.000000 0.000000 0.005549 0.999985
164.100000000 2.346431 1.104340 0.000000 0.000000 0.000000 0.007795 0.999970
164.150000000 2.358480 1.105012 0.000000 0.000000 0.000000 0.010698 0.999943
164.200000000 2.369126 1.104554 0.000000 0.000000 0.000000 0.009698 0.999953
164.250000000 2.380106 1.105476 0.000000 0.000000 0.000000 0.008206 0.999966
164.300000000 2.393394 1.108437 0.000000 0.000000 0.000000 0.005834 0.999983
164.350000000 2.404190 1.109816 0.000000 0.000000 0.000000 0.005155 0.999987
164.400000000 2.417867 1.111818 0.000000 0.000000 0.000000 0.008461 0.999964
164.450000000 2.428270 1.109751 0.000000 0.000000 0.000000 0.009896 0.999951
164.500000000 2.439162 1.109330 0.000000 0.000000 0.000000 0.009297 0.999957
164.550000000 2.451223 1.112578 0.000000 0.000000 0.000000 0.007833 0.999969
164.600000000 2.464140 1.112980 0.000000 0.000000 0.000000 0.003943 0.999992
164.650000000 2.475922 1.114180 0.000000 0.000000 0.000000 0.005463 0.999985
164.700000000 2.489809 1.110505 0.000000 0.000000 0.000000 0.005891 0.999983
164.750000000 2.499773 1.112802 0.000000 0.000000 0.000000 0.010148 0.999949
164.800000000 2.509616 1.113365 0.000000 0.000000 0.000000 0.008747 0.999962
164.850000000 2.522911 1.116842 0.000000 0.000000 0.000000 0.006722 0.999977
164.900000000 2.533931 1.114520 0.000000 0.000000 0.000000 0.003847 0.999993
164.950000000 2.548288 1.116418 0.000000 0.000000 0.000000 0.005566 0.999985
165.000000000 2.559997 1.117019 0.000000 0.000000 0.000000 0.005741 0.999984
165.050000000 2.570733 1.116095 0.000000 0.000000 0.000000 0.008845 0.999961
165.100000000 2.581232 1.117254 0.000000 0.000000 0.000000 0.008131 0.999967
165.150000000 2.595321 1.121094 0.000000 0.000000 0.000000 0.005203 0.999986
165.200000000 2.606398 1.120241 0.000000 0.000000 0.000000 0.004849 0.999988
165.250000000 2.619086 1.120075 0.000000 0.000000 0.000000 0.005620 0.999984
165.300000000 2.632282 1.119705 0.000000 0.000000 0.000000 0.007544 0.999972
165.350000000 2.644872 1.119287 0.000000 0.000000 0.000000 0.010187 0.999948
165.400000000 2.655135 1.119265 0.000000 0.000000 0.000000 0.008400 0.999965
165.450000000 2.668685 1.121800 0.000000 0.000000 0.000000 0.005440 0.999985
165.500000000 2.679300 1.122635 0.000000 0.000000 0.000000 0.004254 0.999991
165.550000000 2.689485 1.122760 0.000000 0.000000 0.000000 0.004720 0.999989
165.600000000 2.701585 1.122652 0.000000 0.000000 0.000000 0.006787 0.999977
165.650000000 2.712661 1.122868 0.000000 0.000000 0.000000 0.009101 0.999959
165.700000000 2.723038 1.124073 0.000000 0.000000 0.000000 0.008119 0.999967
165.750000000 2.735136 1.125321 0.000000 0.000000 0.000000 0.005214 0.999986
165.800000000 2.744995 1.125436 0.000000 0.000000 0.000000 0.005043 0.999987
165.850000000 2.759022 1.123277 0.000000 0.000000 0.000000 0.006089 0.999981
165.900000000 2.773041 1.121309 0.000000 0.000000 0.000000 0.008694 0.999962
165.950000000 2.785131 1.122439 0.000000 0.000000 0.000000 0.010043 0.999950
166.000000000 2.798655 1.119471 0.000000 0.000000 0.000000 0.008391 0.999965
166.050000000 2.811480 1.120344 0.000000 0.000000 0.000000 0.005356 0.999986
166.100000000 2.820631 1.122199 0.000000 0.000000 0.000000 0.004625 0.999989
166.150000000 2.833235 1.118947 0.000000 0.000000 0.000000 0.006122 0.999981
166.200000000 2.845449 1.118382 0.000000 0.000000 0.000000 0.009156 0.999958
166.250000000 2.854886 1.118244 0.000000 0.000000 0.000000 0.009756 0.999952
166.300000000 2.867102 1.119336 0.000000 0.000000 0.000000 0.007896 0.999969
166.351000000 2.882647 1.118078 0.000000 0.000000 0.000000 0.003072 0.999995
166.400000000 2.884530 1.125112 0.000000 0.000000 0.000000 0.006595 0.999978
166.450000000 2.898807 1.116230 0.000000 0.000000 0.000000 0.006847 0.999977
166.500000000 2.909894 1.119951 0.000000 0.000000 0.000000 0.010093 0.999949
166.550000000 2.920001 1.120155 0.000000 0.000000 0.000000 0.009461 0.999955
166.600000000 2.932645 1.121580 0.000000 0.000000 0.000000 0.008480 0.999964
166.650000000 2.944554 1.126438 0.000000 0.000000 0.000000 0.005186 0.999987
166.700000000 2.952232 1.129654 0.000000 0.000000 0.000000 0.005258 0.999986
166.750000000 2.964706 1.127652 0.000000 0.000000 0.000000 0.005901 0.999983
166.800000000 2.979281 1.123942 0.000000 0.000000 0.000000 0.008970 0.999960
166.850000000 2.990471 1.125950 0.000000 0.000000 0.000000 0.010240 0.999948
166.900000000 3.004943 1.124562 0.000000 0.000000 0.000000 0.007587 0.999971
166.950000000 3.018457 1.122985 0.000000 0.000000 0.000000 0.003157 0.999995
167.000000000 3.029469 1.121977 0.000000 0.000000 0.000000 0.004760 0.999989
167.050000000 3.041450 1.121877 0.000000 0.000000 0.000000 0.007138 0.999975
167.100000000 3.050332 1.120170 0.000000 0.000000 0.000000 0.009044 0.999959
167.150000000 3.054391 1.123037 0.000000 0.000000 0.000000 0.008311 0.999965
167.200000000 3.060056 1.117407 0.000000 0.000000 0.000000 0.006710 0.999977
167.250000000 3.057716 1.115961 0.000000 0.000000 0.000000 0.005168 0.999987
167.300000000 3.051654 1.116406 0.000000 0.000000 0.000000 0.005912 0.999983
167.350000000 3.046485 1.114460 0.000000 0.000000 0.000000 0.007273 0.999974
167.400000000 3.044076 1.108027 0.000000 0.000000 0.000000 0.009298 0.999957
167.450000000 3.039258 1.110361 0.000000 0.000000 0.000000 0.009858 0.999951
167.500000000 3.034966 1.111290 0.000000 0.000000 0.000000 0.007372 0.999973
167.550000000 3.034379 1.107217 0.000000 0.000000 0.000000 0.003238 0.999995
167.600000000 3.027762 1.112200 0.000000 0.000000 0.000000 0.005452 0.999985
167.650000000 3.027148 1.110783 0.000000 0.000000 0.000000 0.006016 0.999982
167.700000000 3.027015 1.110404 0.000000 0.000000 0.000000 0.006799 0.999977
167.750000000 3.026538 1.110776 0.000000 0.000000 0.000000 0.006969 0.999976
167.800000000 3.027674 1.110832 0.000000 0.000000 0.000000 0.007060 0.999975
167.850000000 3.028848 1.111324 0.000000 0.000000 0.000000 0.007110 0.999975
167.900000000 3.030327 1.112022 0.000000 0.000000 0.000000 0.007140 0.999975
167.950000000 3.031806 1.112241 0.000000 0.000000 0.000000 0.007237 0.999974
168.000000000 3.032603 1.112388 0.000000 0.000000 0.000000 0.007109 0.999975
168.050000000 3.033063 1.112484 0.000000 0.000000 0.000000 0.007112 0.999975
168.100000000 3.033138 1.112531 0.000000 0.000000 0.000000 0.007128 0.999975
168.150000000 3.033043 1.112553 0.000000 0.000000 0.000000 0.007116 0.999975
168.200000000 3.032769 1.112555 0.000000 0.000000 0.000000 0.007117 0.999975
168.250000000 3.032402 1.112528 0.000000 0.000000 0.000000 0.007118 0.999975
168.300000000 3.032027 1.112504 0.000000 0.000000 0.000000 0.007123 0.999975
168.350000000 3.031687 1.112471 0.000000 0.000000 0.000000 0.007123 0.999975
168.400000000 3.031427 1.112442 0.000000 0.000000 0.000000 0.007124 0.999975
168.450000000 3.031249 1.112418 0.000000 0.000000 0.000000 0.007128 0.999975
168.500000000 3.031135 1.112410 0.000000 0.000000 0.000000 0.007125 0.999975
168.550000000 3.031097 1.112392 0.000000 0.000000 0.000000 0.007127 0.999975
168.600000000 3.031101 1.112390 0.000000 0.000000 0.000000 0.007128 0.999975
168.650000000 3.031142 1.112403 0.000000 0.000000 0.000000 0.007131 0.999975
168.700000000 3.031184 1.112405 0.000000 0.000000 0.000000 0.007130 0.999975
168.750000000 3.031219 1.112405 0.000000 0.000000 0.000000 0.007129 0.999975
168.800000000 3.031242 1.112408 0.000000 0.000000 0.000000 0.007128 0.999975
168.850000000 3.031252 1.112418 0.000000 0.000000 0.000000 0.007127 0.999975
168.900000000 3.031247 1.112430 0.000000 0.000000 0.000000 0.007125 0.999975
168.950000000 3.031226 1.112446 0.000000 0.000000 0.000000 0.007122 0.999975
169.000000000 3.031200 1.112455 0.000000 0.000000 0.000000 0.007121 0.999975
169.050000000 3.031178 1.112470 0.000000 0.000000 0.000000 0.007122 0.999975
169.100000000 3.031161 1.112485 0.000000 0.000000 0.000000 0.007120 0.999975
169.150000000 3.031146 1.112493 0.000000 0.000000 0.000000 0.007120 0.999975
169.200000000 3.031140 1.112496 0.000000 0.000000 0.000000 0.007120 0.999975
169.250000000 3.031138 1.112497 0.000000 0.000000 0.000000 0.007119 0.999975
169.300000000 3.031137 1.112496 0.000000 0.000000 0.000000 0.007119 0.999975
169.350000000 3.031138 1.112494 0.000000 0.000000 0.000000 0.007118 0.999975
169.400000000 3.031141 1.112493 0.000000 0.000000 0.000000 0.007119 0.999975
169.450000000 3.031146 1.112492 0.000000 0.000000 0.000000 0.007119 0.999975
169.500000000 3.031150 1.112488 0.000000 0.000000 0.000000 0.007118 0.999975
169.550000000 3.031153 1.112486 0.000000 0.000000 0.000000 0.007118 0.999975
169.600000000 3.031154 1.112486 0.000000 0.000000 0.000000 0.007118 0.999975
169.650000000 3.031155 1.112487 0.000000 0.000000 0.000000 0.007118 0.999975
169.700000000 3.031155 1.112487 0.000000 0.000000 0.000000 0.007118 0.999975
169.750000000 3.031155 1.112487 0.000000 0.000000 0.000000 0.007118 0.999975
169.800000000 3.031154 1.112488 0.000000 0.000000 0.000000 0.007118 0.999975
169.850000000 3.031154 1.112488 0.000000 0.000000 0.000000 0.007118 0.999975
169.900000000 3.031153 1.112488 0.000000 0.000000 0.000000 0.007118 0.999975
169.950000000 3.031153 1.112488 0.000000 0.000000 0.000000 0.007118 0.999975
170.000000000 3.031153 1.112488 0.000000 0.000000 0.000000 0.007118 0.999975
170.050000000 3.031153 1.112488 0.000000 0.000000 0.000000 0.007118 0.999975
170.100000000 3.031153 1.112488 0.000000 0.000000 0.000000 0.007118 0.999975
170.150000000 3.031153 1.112488 0.000000 0.000000 0.000000 0.007118 0.999975
170.200000000 3.031153 1.112488 0.000000 0.000000 0.000000 0.007118 0.999975
170.250000000 3.031153 1.112488 0.000000 0.000000 0.000000 0.007118 0.999975
170.300000000 3.031153 1.112488 0.000000 0.000000 0.000000 0.007118 0.999975
170.350000000 3.031153 1.112488 0.000000 0.000000 0.000000 0.007118 0.999975
170.400000000 3.031153 1.112488 0.000000 0.000000 0.000000 0.007118 0.999975
170.450000000 3.031153 1.112488 0.000000 0.000000 0.000000 0.007118 0.999975
170.500000000 3.031153 1.112488 0.000000 0.000000 0.000000 0.007118 0.999975
170.550000000 3.031153 1.112488 0.000000 0.000000 0.000000 0.007118 0.999975
170.600000000 3.031153 1.112488 0.000000 0.000000 0.000000 0.007118 0.999975
170.650000000 3.031153 1.112488 0.000000 0.000000 0.000000 0.007118 0.999975
170.700000000 3.031153 1.112488 0.000000 0.000000 0.000000 0.007118 0.999975
170.750000000 3.031153 1.112488 0.000000 0.000000 0.000000 0.007118 0.999975
170.800000000 3.031153 1.112488 0.000000 0.000000 0.000000 0.007118 0.999975
170.850000000 3.031153 1.112488 0.000000 0.000000 0.000000 0.007118 0.999975
170.900000000 3.031153 1.112488 0.000000 0.000000 0.000000 0.007118 0.999975
170.950000000 3.031153 1.112488 0.000000 0.000000 0.000000 0.007118 0.999975
171.000000000 3.031153 1.112488 0.000000 0.000000 0.000000 0.007118 0.999975
171.050000000 3.031153 1.112488 0.000000 0.000000 0.000000 0.007118 0.999975
171.100000000 3.031153 1.112488 0.000000 0.000000 0.000000 0.007118 0.999975
171.150000000 3.031153 1.112488 0.000000 0.000000 0.000000 0.007118 0.999975
171.200000000 3.031153 1.112488 0.000000 0.000000 0.000000 0.007118 0.999975
171.250000000 3.031153 1.112488 0.000000 0.000000 0.000000 0.007118 0.999975
171.300000000 3.031153 1.112488 0.000000 0.000000 0.000000 0.007118 0.999975
171.350000000 3.031153 1.112488 0.000000 0.000000 0.000000 0.007118 0.999975
171.400000000 3.031153 1.112488 0.000000 0.000000 0.000000 0.007118 0.999975
171.450000000 3.031153 1.112488 0.000000 0.000000 0.000000 0.007118 0.999975
171.500000000 3.031153 1.112488 0.000000 0.000000 0.000000 0.007118 0.999975
171.552000000 3.031153 1.112488 0.000000 0.000000 0.000000 0.007118 0.999975
171.600000000 3.031153 1.112488 0.000000 0.000000 0.000000 0.007118 0.999975
171.650000000 3.031153 1.112488 0.000000 0.000000 0.000000 0.007118 0.999975
171.700000000 3.031153 1.112488 0.000000 0.000000 0.000000 0.007118 0.999975
171.750000000 3.031153 1.112488 0.000000 0.000000 0.000000 0.007118 0.999975
171.800000000 3.031153 1.112488 0.000000 0.000000 0.000000 0.007118 0.999975
171.850000000 3.031153 1.112488 0.000000 0.000000 0.000000 0.007118 0.999975
171.900000000 3.031153 1.112488 0.000000 0.000000 0.000000 0.007118 0.999975
171.950000000 3.031153 1.112488 0.000000 0.000000 0.000000 0.007118 0.999975
172.000000000 3.031153 1.112488 0.000000 0.000000 0.000000 0.007118 0.999975
172.050000000 3.031153 1.112488 0.000000 0.000000 0.000000 0.007118 0.999975
172.100000000 3.031153 1.112488 0.000000 0.000000 0.000000 0.007118 0.999975
